# id:0.62:0.5-0.236:0.5-0.596:2-0
75 100 40 
0 45 40 
25 85 40 
5 35 25 
5 85 50 
0 60 45 
75 100 60 
80 100 50 
20 90 55 
15 85 60 
10 20 30 
95 100 50 
0 25 25 
10 40 30 
95 100 65 
0 20 40 
15 75 55 
85 100 60 
90 100 55 
90 100 65 
50 90 55 
65 100 55 
35 90 55 
95 100 60 
5 25 45 
50 100 50 
100 100 65 
20 95 40 
80 100 60 
5 25 40 
35 90 50 
10 65 40 
30 90 45 
0 40 30 
0 30 30 
95 100 65 
75 100 55 
25 85 40 
20 80 50 
75 95 50 
60 100 55 
10 70 45 
5 15 25 
70 100 45 
10 75 55 
95 100 55 
70 100 50 
100 100 65 
0 40 40 
60 90 55 
15 90 40 
85 100 50 
90 100 60 
5 75 40 
20 95 50 
90 100 50 
75 100 50 
0 15 35 
95 100 60 
15 100 45 
80 100 50 
0 35 45 
15 55 35 
5 65 35 
85 100 50 
90 100 65 
5 75 50 
30 85 50 
60 100 60 
30 95 55 
0 10 25 
0 35 30 
30 85 50 
10 30 40 
10 35 45 
10 65 55 
100 100 60 
90 100 65 
5 60 40 
90 100 55 
20 85 50 
70 95 60 
90 100 50 
0 15 20 
55 100 50 
30 85 55 
20 75 40 
25 85 55 
80 100 55 
30 95 50 
90 100 50 
5 20 40 
90 100 50 
35 80 60 
35 90 60 
10 60 30 
0 50 45 
35 90 50 
30 90 50 
65 95 50 
10 70 45 
70 100 45 
10 55 40 
50 100 60 
0 30 40 
20 75 55 
70 100 45 
25 100 55 
85 100 55 
25 95 55 
10 30 45 
100 100 50 
0 20 20 
0 30 45 
0 5 25 
100 100 65 
20 85 40 
25 90 50 
80 100 65 
85 100 65 
30 85 55 
90 100 60 
35 90 50 
40 90 40 
0 5 20 
25 75 45 
0 15 20 
65 100 45 
80 100 55 
95 100 60 
10 20 40 
85 100 65 
85 100 45 
90 100 50 
95 100 60 
65 100 50 
20 70 40 
15 80 45 
75 95 50 
0 25 40 
0 25 35 
0 15 25 
0 20 35 
5 35 40 
15 90 50 
5 35 45 
55 95 55 
25 85 45 
35 90 55 
0 20 20 
50 100 55 
85 100 55 
65 90 60 
0 25 30 
65 100 45 
0 20 30 
70 95 55 
10 90 40 
20 90 45 
80 100 55 
45 95 55 
0 10 30 
30 95 50 
80 100 50 
10 70 50 
40 100 60 
40 90 50 
5 30 30 
75 100 55 
75 100 45 
10 85 40 
70 100 60 
30 95 40 
70 90 45 
15 85 50 
10 60 35 
0 30 40 
0 10 30 
25 85 40 
80 100 50 
100 100 65 
25 100 60 
75 100 40 
5 25 35 
0 15 25 
0 15 20 
90 100 70 
30 85 50 
20 75 55 
85 100 65 
30 100 55 
0 5 15 
30 90 50 
20 65 45 
5 50 45 
0 20 35 
85 100 60 
15 85 40 
75 100 60 
0 20 25 
0 10 25 
0 35 35 
90 100 60 
0 35 30 
95 100 50 
5 65 35 
35 100 50 
100 100 50 
90 100 50 
60 100 50 
0 15 25 
0 15 40 
50 95 60 
40 100 45 
80 100 55 
30 100 50 
15 90 40 
0 70 40 
80 100 55 
70 100 45 
0 30 45 
55 90 50 
0 10 30 
95 100 55 
100 100 55 
75 100 55 
0 10 25 
0 70 40 
0 20 35 
0 60 40 
0 30 40 
0 10 35 
95 100 60 
100 100 70 
0 25 30 
70 100 55 
30 95 60 
15 70 45 
80 100 65 
15 80 40 
30 100 50 
80 100 65 
75 100 55 
35 90 45 
10 35 40 
30 100 50 
20 85 55 
0 20 40 
10 25 25 
5 20 45 
90 100 60 
35 95 55 
85 100 50 
0 30 35 
65 100 60 
0 35 35 
20 75 45 
75 100 55 
70 100 50 
100 100 60 
80 100 60 
65 100 45 
90 100 65 
20 75 55 
85 100 55 
5 25 45 
90 100 65 
15 90 45 
35 90 45 
10 65 35 
85 95 45 
55 100 50 
0 35 30 
0 15 20 
70 100 45 
65 100 45 
95 100 50 
15 85 45 
80 100 55 
70 100 60 
40 85 55 
0 20 30 
80 100 50 
90 100 65 
0 15 35 
0 35 45 
35 95 45 
30 90 45 
0 25 20 
65 100 50 
0 25 20 
0 25 20 
75 100 55 
5 50 45 
80 100 55 
15 85 50 
65 100 45 
90 100 50 
0 5 15 
10 35 50 
95 100 45 
40 100 50 
65 100 45 
20 90 40 
90 100 70 
40 100 55 
95 100 45 
100 100 60 
95 100 55 
10 60 50 
100 100 55 
30 85 50 
0 15 30 
0 15 40 
20 65 40 
80 100 65 
85 100 60 
60 100 50 
0 45 45 
80 100 60 
5 40 35 
100 100 55 
75 100 55 
5 60 30 
20 90 40 
0 20 25 
90 100 60 
80 100 50 
70 100 60 
85 100 55 
85 100 45 
0 20 35 
20 90 50 
90 100 70 
80 100 55 
90 100 65 
0 55 30 
65 100 50 
10 35 35 
70 100 45 
80 100 60 
35 100 45 
10 85 45 
30 85 55 
55 100 45 
0 40 35 
15 90 40 
0 20 40 
80 100 55 
60 100 40 
85 100 50 
0 30 45 
0 10 20 
40 95 40 
0 60 40 
75 100 55 
15 80 45 
35 85 45 
20 90 50 
100 100 50 
90 100 55 
30 85 55 
0 15 35 
0 15 30 
35 100 40 
15 65 50 
10 80 45 
100 100 70 
25 85 60 
30 95 50 
25 80 45 
25 75 40 
10 55 40 
60 95 40 
75 100 55 
70 100 45 
40 85 40 
80 100 45 
75 100 50 
85 100 45 
10 75 55 
100 100 65 
70 100 45 
20 75 55 
90 100 55 
25 90 45 
60 100 50 
95 100 50 
5 70 45 
0 20 40 
35 90 60 
15 80 40 
10 70 50 
15 75 40 
75 100 50 
55 100 40 
15 70 45 
95 100 60 
85 100 50 
0 25 35 
0 10 25 
30 95 45 
0 20 30 
0 35 35 
5 90 45 
20 100 45 
70 100 60 
75 95 55 
0 10 30 
85 100 60 
85 100 60 
0 60 45 
0 50 45 
55 90 45 
15 70 35 
30 100 50 
100 100 60 
50 95 50 
90 100 45 
0 25 30 
5 20 40 
70 95 45 
85 100 55 
80 90 55 
80 100 55 
15 80 35 
60 90 55 
0 10 20 
30 100 45 
15 90 50 
10 80 35 
30 90 45 
10 45 40 
60 100 45 
100 100 70 
20 85 40 
15 85 40 
5 30 35 
10 75 50 
0 60 45 
0 5 30 
65 100 50 
0 75 50 
10 55 45 
85 100 50 
0 30 35 
15 85 55 
0 30 30 
15 90 40 
100 100 55 
80 100 45 
0 20 35 
25 80 50 
60 90 45 
55 100 55 
90 100 60 
40 95 50 
55 100 50 
10 85 50 
0 25 40 
75 100 50 
0 15 25 
95 100 70 
65 95 45 
15 80 55 
100 100 60 
65 100 55 
0 30 45 
85 100 60 
5 30 30 
10 30 45 
10 70 50 
15 70 35 
15 90 40 
0 30 25 
0 10 30 
0 20 20 
0 55 40 
0 10 25 
90 100 50 
15 70 50 
85 100 50 
90 100 60 
0 25 25 
90 100 55 
20 85 45 
0 40 30 
30 80 55 
80 100 55 
85 100 60 
0 50 35 
25 90 50 
30 90 55 
30 90 55 
20 95 60 
0 30 45 
75 100 55 
70 95 60 
20 75 55 
95 100 55 
45 90 45 
80 100 45 
90 100 65 
90 100 55 
0 25 45 
80 100 50 
0 30 30 
95 100 60 
95 100 60 
15 85 40 
5 75 40 
85 100 55 
40 80 45 
25 85 50 
0 20 30 
5 75 40 
85 100 55 
90 100 45 
95 100 65 
75 100 50 
0 30 35 
90 100 70 
100 100 55 
0 30 25 
25 85 45 
25 80 45 
75 95 50 
90 100 55 
10 75 40 
90 100 60 
80 100 65 
25 75 60 
5 60 45 
20 90 40 
15 90 50 
15 85 55 
90 100 70 
0 55 35 
20 75 55 
5 85 50 
35 90 40 
65 95 45 
25 90 55 
0 35 30 
30 100 55 
95 100 60 
10 25 35 
0 15 35 
0 40 45 
85 95 45 
45 90 55 
95 100 55 
25 80 45 
10 90 50 
0 5 20 
0 75 40 
75 100 50 
25 90 40 
5 30 40 
45 95 40 
85 100 50 
60 100 55 
25 90 50 
5 25 45 
10 70 50 
85 100 55 
90 100 55 
75 100 50 
5 30 40 
5 30 40 
30 90 55 
95 100 60 
0 5 15 
0 5 30 
85 100 60 
80 95 60 
65 100 55 
25 90 45 
20 90 45 
0 30 25 
35 85 50 
85 100 65 
25 85 45 
15 70 35 
25 95 40 
80 100 50 
80 100 65 
60 90 45 
0 40 30 
20 100 40 
75 100 45 
80 100 50 
100 100 70 
0 25 30 
60 90 45 
0 20 30 
15 85 40 
5 65 35 
30 90 50 
25 95 50 
10 80 50 
60 100 45 
5 30 30 
100 100 60 
10 35 40 
5 60 50 
80 95 45 
5 85 55 
0 25 40 
15 75 50 
0 25 35 
25 90 55 
25 75 50 
20 75 35 
95 100 50 
90 100 60 
0 20 25 
95 100 70 
0 50 45 
20 85 55 
15 70 45 
55 100 50 
90 100 55 
80 100 65 
65 100 55 
85 100 45 
30 95 60 
0 25 25 
0 5 30 
15 70 40 
55 100 50 
0 20 35 
15 70 35 
5 75 55 
85 100 60 
5 25 30 
0 30 30 
85 100 60 
0 25 30 
30 80 55 
25 100 60 
50 100 50 
100 100 55 
25 85 50 
35 90 50 
20 70 50 
0 25 30 
100 100 55 
10 75 55 
5 75 40 
95 100 60 
0 5 25 
0 20 35 
85 100 70 
40 95 50 
85 100 45 
0 30 40 
25 95 50 
0 30 25 
0 65 40 
15 70 35 
0 20 40 
95 100 60 
40 100 55 
20 75 55 
15 80 50 
65 100 60 
10 75 50 
0 65 40 
15 35 35 
65 100 45 
10 65 45 
40 95 40 
90 100 55 
0 25 35 
60 90 60 
100 100 55 
90 100 65 
25 100 55 
75 100 50 
55 100 50 
80 100 50 
5 65 50 
0 30 25 
55 95 55 
15 75 55 
75 100 55 
10 70 40 
15 80 45 
25 85 55 
95 100 45 
40 85 45 
25 100 60 
85 100 65 
20 80 55 
0 25 30 
80 100 50 
85 100 65 
0 25 30 
10 40 40 
10 65 35 
95 100 55 
0 30 35 
50 100 50 
20 90 45 
75 95 55 
10 85 50 
90 100 55 
10 25 25 
20 85 55 
70 100 45 
65 100 40 
5 70 35 
5 40 40 
65 95 55 
35 100 55 
55 100 45 
55 100 45 
90 100 50 
45 95 60 
95 100 45 
70 100 45 
100 100 60 
45 90 45 
0 15 30 
0 30 30 
0 25 35 
5 25 40 
95 100 65 
15 85 40 
45 100 45 
70 100 60 
0 20 20 
0 15 25 
10 70 40 
75 100 55 
0 30 40 
90 100 60 
10 70 35 
65 100 55 
95 100 55 
85 100 50 
90 100 65 
90 100 60 
10 40 35 
0 25 25 
95 100 65 
50 95 55 
35 100 50 
70 100 55 
0 25 45 
5 50 40 
20 90 50 
70 100 55 
80 100 50 
30 80 40 
0 25 35 
75 100 60 
75 100 60 
25 80 55 
10 25 40 
5 75 35 
70 100 45 
40 90 55 
25 80 40 
20 70 40 
30 100 60 
60 100 55 
5 75 50 
60 100 45 
0 20 35 
100 100 60 
90 100 45 
35 90 40 
15 75 40 
45 100 60 
0 30 40 
75 95 60 
80 100 55 
30 80 45 
60 95 45 
5 25 35 
90 100 60 
0 30 35 
0 20 40 
15 90 40 
85 100 55 
5 20 30 
25 100 55 
85 100 65 
35 90 55 
40 85 55 
90 100 60 
15 85 45 
25 95 50 
15 80 40 
25 100 50 
5 75 55 
0 20 30 
75 95 55 
85 95 45 
5 35 40 
0 30 40 
60 100 45 
60 100 40 
30 95 50 
75 95 50 
0 10 35 
0 70 40 
95 100 55 
70 100 45 
90 100 55 
80 100 55 
0 35 45 
100 100 65 
5 70 45 
80 100 55 
0 45 45 
30 85 45 
5 40 30 
90 100 50 
85 100 65 
0 30 30 
85 100 55 
15 60 40 
0 15 30 
90 100 50 
15 65 40 
10 70 40 
70 95 60 
75 95 50 
5 65 50 
0 15 25 
60 100 50 
0 20 25 
25 90 55 
15 55 50 
0 80 55 
80 100 50 
5 45 35 
0 15 30 
5 75 45 
85 100 45 
35 85 55 
15 95 55 
0 30 45 
65 95 60 
80 100 65 
95 100 55 
85 100 55 
35 100 45 
5 35 35 
90 100 65 
15 95 45 
15 80 45 
0 30 30 
100 100 65 
35 90 45 
80 100 50 
75 100 55 
0 30 40 
5 65 45 
80 95 60 
0 35 35 
5 55 45 
75 95 55 
0 40 45 
60 100 55 
10 80 50 
70 100 50 
0 25 35 
85 100 50 
90 100 60 
80 100 60 
0 75 50 
20 90 55 
55 100 45 
25 90 50 
10 95 45 
25 85 45 
0 10 35 
15 85 50 
30 95 40 
90 100 65 
30 100 60 
20 80 55 
90 100 55 
0 20 20 
5 35 35 
5 50 45 
0 25 15 
10 65 50 
5 45 40 
5 75 40 
85 100 60 
15 90 50 
5 25 35 
10 70 40 
0 60 45 
90 100 45 
25 95 60 
10 75 40 
95 100 50 
0 40 35 
75 100 50 
25 80 50 
100 100 65 
90 100 55 
65 100 40 
30 90 50 
10 85 50 
15 85 40 
65 95 40 
40 100 50 
95 100 60 
20 85 45 
25 80 40 
10 65 45 
90 100 60 
75 100 50 
70 100 50 
90 100 65 
0 35 40 
10 65 45 
30 95 55 
80 100 60 
15 60 35 
100 100 65 
95 100 60 
0 35 35 
0 35 40 
0 15 30 
10 65 35 
85 100 55 
85 100 65 
100 100 65 
85 100 60 
80 100 50 
15 80 45 
30 80 55 
45 100 50 
80 100 55 
85 100 70 
90 100 65 
0 25 40 
15 80 60 
25 85 60 
15 85 35 
0 25 35 
10 75 40 
50 90 50 
15 55 40 
15 70 50 
90 100 55 
0 15 25 
25 90 55 
25 90 60 
30 80 40 
90 100 50 
30 85 55 
85 100 55 
0 25 35 
15 90 40 
5 80 55 
0 40 40 
0 20 35 
25 85 40 
5 40 50 
10 80 50 
85 100 45 
95 100 60 
75 95 55 
0 20 20 
0 25 40 
25 100 55 
70 100 45 
90 100 65 
0 25 15 
0 15 30 
5 35 35 
65 100 60 
5 70 50 
30 95 45 
90 100 65 
65 100 55 
30 95 50 
85 100 50 
85 100 55 
95 100 50 
0 30 45 
25 80 50 
0 15 35 
5 80 55 
60 100 50 
30 90 45 
55 100 50 
80 100 45 
15 75 50 
30 80 50 
5 35 40