3 3 8 7 
5 32 8 1 
6 16 4 12 
2 0 28 8 
31 17 0 7 
8 3 7 7 
23 6 2 3 
2 29 6 5 
0 36 2 4 
12 15 9 2 
2 27 1 3 
16 51 1 11 
8 1 7 2 
2 30 20 1 
1 50 8 3 
14 33 23 11 
12 54 3 4 
7 21 15 10 
7 24 2 3 
11 3 2 3 
2 13 9 4 
4 6 12 5 
3 2 26 0 
30 21 21 9 
10 0 2 2 
12 35 43 2 
9 2 11 3 
3 21 13 5 
3 3 44 8 
6 15 3 10 
11 1 19 8 
14 15 6 4 
9 13 14 3 
5 18 12 0 
13 4 7 0 
26 1 9 2 
3 11 25 9 
1 1 8 11 
1 5 8 17 
18 31 6 5 
4 1 24 12 
12 11 25 5 
11 6 9 8 
4 0 26 7 
7 23 5 7 
15 30 7 18 
1 36 22 23 
12 4 7 1 
3 6 30 34 
15 26 8 5 
1 59 3 4 
46 1 1 5 
15 9 2 7 
2 13 10 3 
5 8 4 1 
8 24 3 13 
1 3 23 16 
25 6 7 0 
3 16 7 2 
10 11 19 5 
21 41 1 1 
5 18 8 14 
0 26 0 7 
7 5 8 7 
5 6 9 3 
9 47 6 16 
7 27 2 2 
3 58 15 2 
19 27 5 3 
5 30 3 5 
9 4 1 1 
6 14 20 14 
18 7 3 5 
3 15 6 12 
4 13 0 8 
7 22 28 4 
7 5 16 30 
1 45 8 9 
1 14 27 6 
1 20 8 27 
0 20 7 2 
3 29 1 8 
4 2 6 16 
17 5 4 3 
7 1 6 7 
31 31 5 1 
5 4 15 5 
21 3 9 18 
18 52 3 1 
14 6 21 1 
5 3 1 2 
5 8 14 24 
5 1 10 3 
21 37 8 3 
1 3 22 39 
4 7 31 2 
3 2 6 1 
5 4 3 16 
4 6 3 13 
10 35 20 0 
25 8 7 13 
3 40 2 3 
1 64 5 4 
3 5 14 7 
5 1 14 14 
2 45 17 7 
2 46 7 16 
15 5 39 10 
9 8 11 15 
3 21 4 3 
11 16 22 0 
19 12 12 2 
7 7 2 11 
3 37 6 5 
16 32 6 7 
1 7 6 9 
12 54 12 0 
10 34 7 3 
6 5 6 3 
13 1 13 2 
4 26 1 7 
10 11 1 5 
4 11 2 4 
15 13 2 6 
6 26 10 1 
10 70 10 1 
2 52 8 29 
43 3 4 3 
24 8 43 7 
17 1 2 2 
7 5 12 3 
15 28 30 2 
8 11 8 2 
6 0 6 9 
32 37 14 23 
0 59 5 23 
4 6 11 1 
4 20 6 17 
36 0 4 11 
16 4 1 4 
10 13 14 1 
7 2 24 5 
35 13 8 0 
7 27 42 14 
1 13 1 4 
3 9 5 2 
5 16 0 2 
15 2 15 5 
9 9 13 1 
6 12 15 4 
1 3 8 6 
34 10 7 0 
40 11 8 2 
21 30 8 3 
5 11 12 2 
8 7 18 2 
12 9 6 2 
25 1 15 37 
3 3 10 2 
9 118 4 7 
6 26 24 3 
9 7 16 1 
15 8 5 3 
11 2 11 4 
7 65 15 5 
1 9 8 3 
8 1 10 2 
0 33 23 5 
9 20 28 2 
0 17 5 13 
0 19 3 9 
14 29 3 3 
15 38 20 14 
3 5 3 17 
4 24 2 3 
9 72 26 2 
10 25 9 9 
5 32 10 4 
7 26 2 3 
8 7 12 4 
2 10 4 6 
12 11 8 0 
2 16 6 13 
8 6 1 2 
1 17 73 5 
6 13 28 0 
4 1 5 20 
4 50 5 7 
4 17 3 1 
1 18 2 3 
3 14 3 14 
17 6 2 17 
25 2 6 4 
11 6 7 0 
4 22 41 9 
10 7 6 1 
30 13 3 1 
2 7 7 4 
21 16 5 10 
24 10 14 14 
8 1 4 2 
4 21 5 9 
5 5 7 1 
8 28 3 6 
4 9 12 6 
12 1 0 7 
10 7 6 7 
15 1 8 4 
1 25 15 5 
6 0 3 20 
3 18 1 14 
6 6 7 13 
11 1 6 4 
1 9 1 12 
14 11 7 6 
8 39 83 9 
10 20 3 1 
11 10 1 24 
1 3 22 6 
6 5 6 1 
4 27 11 4 
2 20 4 0 
2 19 11 10 
8 15 8 2 
3 19 7 30 
1 13 38 2 
12 26 19 2 
1 3 6 3 
36 55 23 2 
10 2 3 13 
14 29 11 3 
5 1 13 9 
12 2 15 14 
9 18 1 3 
5 32 10 5 
0 40 28 0 
18 22 3 5 
17 10 5 7 
3 48 0 8 
43 19 6 9 
13 2 11 4 
13 17 17 2 
6 6 15 5 
2 15 10 1 
4 25 11 1 
2 50 22 5 
20 33 2 15 
7 15 12 3 
11 4 15 4 
16 10 13 3 
12 8 25 21 
31 9 0 3 
2 16 9 4 
7 7 29 4 
2 2 5 10 
10 51 1 3 
1 24 22 29 
2 11 5 25 
17 4 31 12 
9 47 2 11 
7 17 3 1 
32 2 10 1 
2 42 30 16 
18 57 4 0 
12 2 97 22 
8 7 33 4 
7 32 4 1 
14 9 33 3 
0 3 8 0 
3 1 2 5 
28 2 6 12 
1 18 23 11 
13 31 17 3 
2 19 19 8 
7 1 21 3 
6 23 14 5 
21 3 9 1 
2 20 13 1 
14 1 45 13 
11 28 12 4 
10 8 21 12 
1 16 9 7 
10 6 37 1 
1 17 12 24 
14 3 2 25 
16 27 2 7 
18 2 8 6 
22 2 0 6 
6 33 6 6 
6 40 2 1 
2 2 4 2 
13 39 4 6 
0 9 9 15 
2 18 9 0 
12 54 12 7 
1 19 3 6 
7 16 1 57 
7 6 2 10 
5 9 1 2 
3 6 18 3 
11 6 3 18 
26 23 57 8 
11 16 5 10 
3 14 5 12 
2 9 22 9 
12 57 8 1 
4 12 6 8 
16 2 1 6 
5 6 8 3 
0 10 1 10 
1 8 9 3 
25 30 3 1 
3 1 21 31 
0 6 2 3 
14 12 1 7 
9 2 2 0 
5 17 6 5 
1 10 3 2 
16 23 11 10 
8 26 27 13 
16 21 22 12 
54 63 3 11 
6 6 7 1 
5 15 2 13 
2 15 5 3 
0 13 10 14 
3 2 13 15 
21 13 16 9 
3 13 10 2 
7 24 1 0 
0 10 2 4 
1 6 4 3 
19 16 13 18 
2 4 19 4 
3 10 5 2 
32 1 35 2 
8 12 8 1 
3 12 2 3 
33 6 19 0 
8 2 5 4 
11 89 6 15 
2 3 5 5 
9 19 16 6 
12 18 20 3 
2 5 8 4 
14 16 17 10 
21 13 19 5 
9 2 39 3 
1 7 3 3 
7 14 21 1 
2 13 16 23 
2 13 4 3 
15 24 20 6 
4 13 5 2 
1 3 18 9 
3 22 1 4 
1 6 16 7 
18 13 17 1 
1 11 1 2 
0 7 13 13 
1 10 7 5 
49 25 17 1 
23 12 20 2 
3 34 11 3 
2 6 32 0 
18 19 1 19 
2 3 3 2 
6 34 0 7 
3 10 1 3 
3 31 6 1 
4 4 6 6 
1 54 31 2 
3 32 4 1 
7 8 1 8 
7 6 27 0 
2 42 13 4 
4 23 18 7 
8 3 20 20 
4 3 10 4 
1 11 14 4 
3 45 10 13 
3 16 10 13 
21 9 26 0 
4 13 9 9 
3 6 6 14 
6 3 20 13 
4 7 4 4 
16 54 25 1 
20 9 72 1 
0 13 0 18 
30 39 48 3 
5 12 1 9 
15 9 11 2 
8 8 2 17 
13 9 6 6 
4 5 16 2 
10 22 8 8 
3 11 12 2 
4 15 10 12 
1 15 10 17 
48 2 3 6 
7 7 8 2 
12 34 25 1 
1 15 6 11 
4 31 8 6 
4 2 22 9 
11 8 10 11 
29 2 15 21 
2 39 9 10 
2 0 0 26 
20 38 1 0 
6 11 20 12 
4 6 7 7 
4 5 6 1 
9 40 24 6 
63 14 9 2 
6 1 46 8 
1 0 14 22 
22 24 43 4 
3 25 3 6 
1 18 3 4 
20 15 9 5 
6 8 1 5 
28 16 15 4 
10 20 2 10 
11 27 15 7 
7 19 0 12 
5 5 6 5 
21 15 41 11 
2 11 5 8 
19 8 2 12 
0 36 4 8 
8 8 7 2 
2 2 27 9 
15 40 10 2 
2 45 18 0 
7 22 23 9 
2 3 6 1 
7 14 32 6 
5 3 4 0 
7 19 4 9 
16 3 8 7 
1 0 26 2 
28 18 4 5 
4 3 3 6 
3 15 15 14 
2 16 7 7 
15 19 12 3 
4 47 1 1 
1 14 21 2 
8 20 8 6 
4 25 0 9 
23 5 5 2 
17 1 1 0 
10 12 12 4 
2 5 21 6 
2 42 16 3 
6 14 10 1 
3 0 12 7 
14 18 5 9 
20 19 34 9 
11 0 17 3 
7 8 22 9 
9 18 4 12 
8 76 2 0 
7 20 2 11 
11 24 6 5 
5 23 3 3 
5 3 1 1 
2 26 9 8 
1 7 6 10 
0 18 11 6 
9 23 13 1 
5 27 50 1 
7 8 13 25 
1 33 4 6 
0 7 15 1 
1 4 26 2 
8 5 0 7 
24 16 3 6 
4 34 17 11 
10 23 35 2 
1 15 3 2 
5 11 22 4 
14 13 13 17 
14 12 2 3 
15 4 61 9 
15 4 5 1 
1 1 45 9 
15 41 39 20 
6 3 3 21 
9 1 6 4 
8 1 5 3 
8 12 18 3 
11 24 2 5 
31 10 14 0 
6 18 18 3 
8 22 4 1 
19 10 0 5 
6 10 34 1 
6 5 9 0 
14 5 7 4 
0 14 47 0 
0 18 1 5 
4 29 22 17 
7 1 52 4 
7 0 34 0 
5 35 2 19 
2 19 0 19 
29 10 6 0 
0 8 0 0 
0 1 10 3 
20 8 4 4 
6 5 25 0 
3 27 1 9 
10 5 13 13 
24 19 18 15 
1 3 27 1 
7 41 3 6 
38 25 43 15 
2 5 5 7 
7 3 13 11 
43 22 9 8 
40 3 9 17 
17 6 20 28 
6 20 2 0 
9 7 12 6 
1 14 8 2 
16 26 32 3 
33 15 2 24 
3 18 13 3 
17 3 3 8 
5 1 14 17 
12 29 33 3 
2 13 34 2 
1 9 11 21 
2 12 4 1 
1 9 2 4 
1 26 16 18 
27 49 12 4 
34 6 5 9 
1 5 1 2 
14 66 11 17 
4 3 24 6 
11 3 18 11 
8 40 3 8 
11 44 11 7 
19 4 1 13 
6 7 10 7 
8 15 30 4 
8 12 4 25 
11 3 10 3 
3 7 2 16 
2 8 10 18 
3 2 10 1 
4 16 0 12 
31 15 7 6 
2 7 44 10 
18 5 17 6 
5 6 36 10 
9 2 13 14 
6 4 19 12 
3 7 85 7 
28 1 8 18 
9 39 8 12 
3 11 11 1 
13 7 14 2 
9 16 38 2 
13 15 2 2 
14 41 1 1 
3 1 18 2 
1 4 2 9 
1 17 10 3 
1 2 9 14 
6 4 1 1 
15 0 6 6 
9 11 22 4 
5 39 10 8 
35 6 27 1 
7 1 21 8 
10 8 1 11 
6 14 13 24 
13 22 1 6 
12 10 2 3 
24 62 19 3 
19 7 0 14 
9 38 37 1 
24 25 23 7 
1 40 6 7 
6 1 11 2 
14 19 22 5 
1 66 29 0 
28 20 6 13 
0 8 15 7 
3 17 21 2 
5 18 21 6 
8 4 3 0 
3 27 5 1 
6 3 12 6 
1 13 13 1 
2 0 31 2 
5 16 28 8 
3 21 27 8 
4 21 3 22 
25 10 0 2 
3 7 5 9 
6 53 5 6 
6 55 14 9 
36 16 47 3 
2 35 1 5 
8 54 2 25 
10 9 33 7 
18 49 22 1 
3 3 22 10 
1 3 5 7 
1 1 5 1 
10 7 8 15 
2 13 6 11 
6 14 18 1 
38 20 19 13 
9 17 37 18 
14 25 14 17 
24 1 9 0 
1 36 2 10 
2 16 12 4 
2 0 3 8 
8 59 24 6 
10 17 6 3 
3 7 3 0 
1 40 48 0 
27 12 1 0 
5 5 19 7 
19 9 0 0 
5 4 16 35 
2 14 10 14 
2 51 2 5 
3 9 10 4 
3 13 8 2 
1 15 4 4 
17 1 1 9 
6 1 18 17 
3 11 29 5 
1 10 6 2 
5 13 20 9 
26 8 2 2 
21 17 9 24 
3 28 7 1 
20 11 21 3 
8 15 4 15 
1 4 6 1 
9 24 8 0 
3 5 18 2 
9 39 8 5 
7 0 8 11 
16 40 26 9 
5 21 1 23 
3 8 22 4 
8 4 10 2 
35 0 4 2 
3 1 9 16 
25 0 7 5 
0 41 4 13 
16 3 10 2 
17 18 2 1 
0 0 10 7 
2 2 22 2 
1 2 9 4 
1 0 4 1 
0 21 10 0 
9 28 30 4 
29 11 14 12 
1 33 41 1 
19 12 19 1 
9 16 5 10 
11 31 2 14 
18 10 34 16 
2 11 42 11 
3 36 4 2 
4 47 1 5 
14 1 13 8 
7 10 19 1 
1 2 32 11 
34 1 12 13 
7 14 17 8 
1 21 8 3 
8 24 12 22 
11 20 7 5 
12 2 2 2 
7 58 8 7 
1 9 6 1 
6 1 31 0 
8 18 15 8 
4 4 0 23 
33 18 31 8 
4 8 2 1 
6 7 6 0 
3 35 14 4 
3 1 9 10 
1 9 19 9 
1 12 6 4 
11 9 7 8 
1 7 6 4 
11 13 9 2 
20 42 4 2 
14 48 12 1 
0 3 23 1 
8 17 22 7 
1 4 1 13 
9 12 9 8 
18 37 1 6 
5 16 19 3 
7 1 9 3 
42 3 6 0 
3 5 2 15 
19 58 9 0 
2 17 23 11 
1 8 8 0 
3 13 11 9 
2 8 0 8 
5 14 0 4 
12 9 7 0 
10 13 31 5 
7 10 10 8 
1 8 8 2 
13 50 3 0 
6 30 17 7 
2 26 5 7 
4 7 0 1 
12 10 2 4 
0 1 33 5 
6 11 3 6 
18 21 20 7 
10 1 14 1 
19 10 20 1 
2 3 15 6 
6 22 14 2 
2 28 12 2 
19 13 16 3 
0 50 38 15 
10 24 9 3 
15 4 8 8 
10 6 17 17 
5 10 8 18 
2 3 2 3 
47 23 10 14 
3 6 3 3 
2 4 3 17 
29 22 3 10 
27 22 7 7 
0 3 9 5 
9 0 6 12 
2 13 3 1 
3 24 1 6 
1 6 27 2 
6 2 3 4 
15 10 3 10 
2 18 6 2 
16 40 15 5 
24 2 4 1 
9 11 5 18 
3 8 8 3 
10 8 12 1 
6 29 13 2 
3 33 1 4 
7 10 13 3 
4 7 22 2 
5 2 7 1 
9 22 0 15 
1 12 3 11 
20 29 40 3 
9 16 13 18 
6 22 6 33 
2 0 5 6 
4 3 23 12 
3 5 28 20 
52 39 22 1 
5 1 26 2 
18 31 13 5 
5 7 7 17 
1 27 29 2 
15 5 20 1 
5 18 0 10 
22 40 15 17 
15 13 0 2 
8 37 8 4 
12 3 41 1 
6 9 1 5 
2 96 19 0 
3 15 3 8 
2 4 7 1 
1 3 1 20 
10 1 2 2 
33 18 15 9 
15 19 26 2 
1 62 21 2 
32 16 4 2 
2 12 30 4 
12 8 11 14 
7 18 20 2 
12 49 8 9 
8 3 7 4 
16 6 14 17 
3 12 3 2 
1 11 8 3 
0 8 18 9 
13 7 11 2 
0 8 8 10 
4 45 8 19 
1 41 5 20 
2 0 24 5 
7 1 18 8 
7 5 49 5 
9 23 4 4 
1 33 14 1 
3 3 27 6 
1 8 9 1 
3 31 2 5 
18 69 0 4 
0 26 1 6 
0 1 1 8 
14 8 1 16 
3 24 0 5 
24 40 1 0 
3 15 3 6 
5 7 1 3 
4 2 15 3 
20 25 32 19 
15 1 11 7 
5 20 8 8 
6 12 2 3 
5 5 6 9 
16 16 4 2 
28 8 11 2 
6 6 12 3 
1 14 4 16 
8 40 9 0 
8 0 14 0 
7 32 7 19 
1 33 13 19 
6 42 3 4 
3 27 15 10 
1 7 2 1 
21 9 1 5 
4 14 9 19 
8 4 84 1 
1 10 0 1 
3 18 1 11 
8 6 3 14 
1 42 12 2 
3 24 6 1 
2 9 13 5 
48 3 8 6 
4 11 13 4 
22 18 11 2 
3 20 0 16 
0 4 18 1 
1 8 4 3 
2 19 10 3 
1 4 26 1 
4 7 13 10 
15 6 3 9 
30 26 40 2 
6 56 3 5 
2 50 11 3 
4 38 15 5 
8 5 23 8 
6 22 19 13 
1 10 12 16 
13 28 13 9 
8 15 0 1 
8 3 10 10 
1 3 1 5 
1 23 49 7 
62 30 5 4 
7 2 5 7 
7 42 10 2 
12 4 0 3 
14 0 7 3 
2 72 1 3 
1 3 21 2 
20 27 23 16 
9 3 5 2 
3 18 23 12 
8 8 1 3 
8 2 13 3 
1 1 16 3 
0 29 14 2 
33 12 6 14 
3 5 18 22 
5 2 2 8 
14 0 8 3 
5 16 14 28 
12 6 5 14 
4 1 3 4 
22 41 12 15 
5 0 17 10 
3 12 15 8 
9 33 6 4 
18 34 18 2 
6 10 3 2 
13 15 1 1 
10 6 10 6 
2 3 8 7 
2 4 6 5 
12 2 2 3 
29 13 18 12 
5 13 1 16 
50 7 1 10 
23 3 29 6 
6 11 3 8 
10 19 5 14 
21 21 5 7 
15 12 0 11 
1 26 11 5 
4 19 6 3 
0 10 1 18 
9 0 9 1 
6 21 19 1 
5 2 0 3 
16 7 36 7 
19 56 7 20 
13 0 7 1 
11 26 7 9 
3 13 12 16 
7 3 107 0 
20 26 2 2 
21 4 11 9 
7 13 6 4 
6 28 5 2 
17 25 5 6 
8 27 4 12 
4 39 16 16 
1 21 32 21 
6 2 3 4 
3 28 2 14 
4 13 4 13 
4 17 1 2 
5 10 17 35 
3 0 21 6 
22 13 8 26 
3 9 32 11 
7 3 3 13 
33 7 15 3 
20 61 2 2 
9 5 7 0 
12 4 0 36 
2 32 11 1 
5 2 1 8 
6 0 7 0 
2 17 26 1 
39 14 8 15 
7 17 2 1 
21 14 3 7 
13 4 12 22 
1 4 1 5 
3 3 2 12 
2 15 24 3 
2 23 8 2 
3 45 1 14 
7 4 1 4 
13 5 1 5 
6 22 8 6 
27 13 0 2 
11 3 1 13 
13 45 2 26 
10 17 2 38 
8 5 25 1 
6 40 11 2 
1 20 19 7 
5 5 2 3 
15 4 12 5 
4 21 5 1 
9 13 1 3 
2 6 5 10 
7 3 29 0 
1 12 4 2 
2 1 25 7 
4 1 0 1 
3 18 13 7 
4 100 17 0 
7 33 5 9 
1 17 8 8 
16 8 16 17 
19 0 2 1 
1 0 16 4 
1 24 10 3 
5 3 34 11 
2 20 19 9 
7 2 7 8 
13 40 6 6 
3 2 8 1 
1 18 4 2 
10 0 12 10 
13 3 1 1 
4 78 36 6 
10 22 4 2 
17 20 31 7 
8 6 3 16 
5 20 1 6 
4 7 21 0 